60,1
60,0
59,5
59,4
59,3
59,2
59,1
59,0
56,3
56,2
56,1
56,0
55,4
55,3
55,2
55,1
55,0
52,3
52,2
52,1
52,0
50,3
50,2
50,1
50,0
47,2
47,1
44,4
44,3
44,2
44,1
44,0
43,4
43,3
43,2
43,1
43,0
40,4
40,3
40,2
40,1
40,0
39,2
37,4
37,3
37,2
37,1
37,0
33,3
33,2
33,1
33,0
30,4
30,3
30,2
30,1
30,0
28,3
28,2
28,1
28,0
4,3
4,1
4,0
39,1
3,6
39,3
3,5
3,4
39,0
3,3
3,2
68,5
3,1
68,3
3,0
68,0
2,5
2,2
47,4
1,2
47,3
0,408
47,0
0,383
0,381
72,1
0,372
72,3
0,368
72,0
0,367
1,1
0,354
1,3
0,349
1,0
0,322
2,1
0,321
2,4
0,319
2,3
0,317
0,243
2,0
0,9
0,310
0,305
0,308
0,304
0,303
0,302
0,307
0,12
0,10
0,8
0,0
0,418
0,300
0,417
0,299
0,416
0,298
0,415
0,297
0,433
0,296
0,432
0,295
0,436
0,294
0,414
0,293
0,413
0,292
0,431
0,291
0,412
0,290
0,411
0,289
0,410
0,288
0,409
0,287
0,407
0,286
0,430
0,285
0,429
0,284
0,406
0,283
0,443
0,282
0,405
0,281
0,404
0,280
0,403
0,279
0,402
0,278
0,401
0,277
0,400
0,276
0,428
0,275
0,399
0,274
0,398
60,2
60,3
61,1
61,2
61,4
62,0
62,2
62,4
62,5
62,7
62,8
63,1
63,3
63,4
66,0
66,1
66,3
68,1
68,4
69,1
69,2
69,4
72,2
73,1
73,3
73,4
74,1
74,2
74,4
75,0
75,2
75,4
75,5
76,1
76,2
78,0
78,2
78,3
78,4
78,1
76,3
76,0
75,3
75,1
74,3
74,0
73,2
73,0
69,3
69,0
68,2
66,2
63,5
63,2
63,0
62,6
62,3
62,1
61,3
61,0
0,273
0,397
0,272
0,396
0,271
0,445
0,270
0,395
0,269
0,394
0,268
0,442
0,267
0,392
0,266
0,391
0,265
0,390
0,264
0,426
0,263
0,389
0,262
0,388
0,261
0,387
0,260
0,386
0,259
0,385
0,258
0,384
0,257
0,425
0,256
0,441
0,255
0,382
0,254
0,435
0,253
0,380
0,252
0,379
0,251
0,378
0,250
0,424
0,249
0,377
0,248
0,376
0,247
0,375
0,246
0,374
0,245
0,373
0,244
0,440
0,242
0,437
0,241
0,371
0,240
0,370
0,239
0,369
0,238
0,444
0,237
0,447
0,236
0,366
0,235
0,365
0,234
0,364
0,233
0,363
0,232
0,362
0,231
0,361
0,230
0,360
0,229
0,423
0,228
0,359
0,227
0,358
0,226
0,357
0,225
0,356
0,224
0,355
0,223
0,393
0,222
0,427
0,221
0,353
0,220
0,352
0,219
0,351
0,218
0,350
0,217
0,446
0,216
0,348
0,215
0,421
0,214
0,347
0,213
0,346
0,212
0,345
0,211
0,344
0,210
0,343
0,209
0,342
0,208
0,420
0,207
0,341
0,206
0,340
0,205
0,339
0,204
0,338
0,203
0,337
0,202
0,336
0,201
0,335
0,200
0,334
0,199
0,333
0,198
0,434
0,197
0,332
0,196
0,331
0,195
0,330
0,194
0,329
0,193
0,328
0,192
0,327
0,63
0,326
0,62
0,325
0,61
0,324
0,60
0,323
0,59
0,419
0,58
0,439
0,57
0,320
0,56
0,422
0,55
0,318
0,54
0,438
0,53
0,316
0,52
0,315
0,51
0,314
0,50
0,313
0,49
0,312
0,48
0,311
0,47
0,309
0,46
0,306
0,45
0,301
0,6
0,5
0,1
0,11
0,4
0,2
0,3
0,7
